[M2] (golly VERSION)
#R JvN29
#G 1440378038991600247309989547484
1 0 0 9 9
2 0 0 0 1
3 0 0 0 2
2 0 0 1 1
3 0 0 4 4
4 0 0 3 5
5 0 0 0 6
1 10 11 9 9
2 0 8 0 8
3 0 9 0 9
1 11 11 9 9
2 11 11 11 11
1 11 11 9 10
2 11 13 11 13
3 12 14 12 14
4 10 15 10 15
1 10 11 13 13
2 0 8 0 17
3 0 9 0 18
1 11 15 13 13
1 15 15 13 13
2 11 11 20 21
1 15 15 13 14
2 11 13 21 23
3 12 14 22 24
1 14 15 13 13
1 14 15 9 9
2 0 26 0 27
1 10 11 0 0
2 0 8 0 29
3 0 28 0 30
1 15 11 9 9
2 21 21 32 11
2 21 23 11 13
1 11 11 0 0
2 11 11 35 35
2 11 13 35 35
3 33 34 36 37
4 19 25 31 38
5 0 16 0 39
6 0 7 0 40
1 0 0 25 0
2 0 0 42 0
3 0 0 43 0
4 0 0 44 0
5 0 0 45 0
1 12 0 12 0
2 47 0 47 0
3 48 0 48 0
4 49 0 49 0
1 11 0 0 0
2 47 0 51 0
3 48 0 52 0
4 49 0 53 0
5 50 0 54 0
6 46 0 55 0
7 41 56 0 0
