[M2] (golly VERSION)
#R JvN29
#G 34159680052497884
1 0 0 9 9
2 0 0 0 1
3 0 0 0 2
2 0 0 1 1
3 0 0 4 4
4 0 0 3 5
5 0 0 0 6
1 10 11 9 9
2 0 8 0 8
1 10 11 13 13
2 0 8 0 10
3 0 9 0 11
1 11 11 9 9
2 13 13 13 13
1 11 11 9 10
2 13 15 13 15
3 14 16 14 16
1 14 15 13 13
1 14 15 9 9
2 0 18 0 19
3 0 20 0 9
1 15 15 13 13
2 22 22 22 22
1 15 15 13 14
2 22 24 22 24
3 23 25 14 16
4 12 17 21 26
3 0 9 0 9
1 10 11 0 0
2 0 8 0 29
3 0 9 0 30
1 11 11 0 0
2 13 13 32 32
2 13 15 32 32
3 14 16 33 34
4 28 17 31 35
5 0 27 0 36
6 0 7 0 37
1 0 0 25 0
2 0 0 39 0
3 0 0 40 0
4 0 0 41 0
5 0 0 42 0
1 12 0 12 0
2 44 0 44 0
3 45 0 45 0
4 46 0 46 0
1 11 0 0 0
2 44 0 48 0
3 45 0 49 0
4 46 0 50 0
5 47 0 51 0
6 43 0 52 0
7 38 53 0 0
